1,R/V大红色,192,46,32 
2,YR/V橘黄色,232,119,17
3,Y/V柠檬黄色,255,234,0
4,GY/V春绿色,157,200,21
5,G/V中绿色,0,158,98
6,BG/V翠绿色,0,156,121
7,B/V孔雀蓝色,0,134,168
8,PB/V蓝紫色,0,93,172
9,P/V紫罗兰色,115,64,149
10,RP/V深红色,208,5,76
11,R/S洋红色,206,69,56
12,YR/S柿色,232,129,0
13,Y/S金色,204,183,0
14,GY/S草绿色,128,188,38 
15,G/S孔雀绿色,0,165,103
16,BG/S宝石绿色,0,167,141
17,B/S湖蓝色,0,148,172
18,PB/S宝石蓝色,50,113,174
19,P/S青莲色,125,81,148
20,RP/S梅红色,194,78,120
21,R/B蔷薇色,215,112,103
22,YR/B杏色,248,184,98
23,Y/B蛋黄色,255,236,81
24,GY/B淡草绿色,195,217,78
25,G/B祖母绿色,121,195,141
26,BG/B蓝绿色,50,182,160
27,B/B天蓝色,93,194,208
28,PB/B石蓝色,134,179,224
29,P/B淡紫色,187,161,203
30,RP/B桃红色,240,145,167
31,R/P粉红色,233,174,169
32,YR/P夕阳色,250,206,167
33,Y/P浅黄色,255,240,150
34,GY/P莴苣绿色,189,216,115
35,G/P浅绿色,158,208,152
36,BG/P浅湖绿色,163,214,202
37,B/P淡湖蓝色,161,216,230
38,PB/P浅雾色,188,212,223
39,P/P浅紫色,214,197,224
40,RP/P浅桃红色,242,193,209
41,R/VP肉色(婴儿粉),249,219,216
42,YR/VP白茶色,252,229,209
43,Y/VP象牙色,255,249,204
44,GY/VP浅豆绿色,237,241,187
45,G/VP石绿色,202,229,205
46,BG/VP蛋清色,201,230,218
47,B/VP淡蓝色,212,236,243
48,PB/VP淡蓝灰色,223,234,240
49,P/VP粉紫色,232,226,236
50,RP/VP肉粉色,248,232,237
51,R/Lgr粉驼色,213,181,177
52,YR/Lgr淡赭石色,213,184,159
53,Y/Lgr浅橄榄灰色,217,206,166
54,GY/Lgr浅灰绿色,184,193,161
55,G/Lgr白蜡绿色,166,200,176
56,BG/Lgr灰绿色,154,199,181
57,B/Lgr绿灰色,164,201,204
58,PB/Lgr月光蓝色,177,194,204
59,P/Lgr鸽灰色,207,198,204
60,RP/Lgr淡褐色,221,204,205
61,R/L树皮色,221,131,123
62,YR/L丁香色,219,167,117
63,Y/L芥末绿色,182,169,74
64,GY/L嫩绿色,157,184,90
65,G/L嫩竹绿色,104,188,104
66,BG/L葱绿色(威尼斯绿色),83,181,158
67,B/L浅湖蓝色,84,173,185
68,PB/L蓝灰色,133,166,202
69,P/L紫丁香色,177,148,190
70,RP/L兰花色,208,156,164
71,R/Gr灰红色,156,125,123
72,YR/Gr茶灰色,164,139,120
73,Y/Gr褐色,153,128,88
74,GY/Gr秋香绿色,136,142,100
75,G/Gr浅叶色,118,146,126
76,BG/Gr云杉绿色,129,157,142
77,B/Gr青灰色,114,139,141
78,PB/Gr中灰蓝色,139,147,157
79,P/Gr紫灰色,130,123,133
80,RP/Gr豆沙色,153,125,130
81,Y/Dl赭石色,161,83,76
82,YR/Dl驼色,168,110,53
83,Y/Dl茶绿色,161,140,26
84,GY/Dl树叶绿色,115,145,62
85,G/Dl墨绿色,33,129,96
86,BG/Dl老绿色,0,121,108
87,B/Dl深青灰色,0,126,143
88,PB/Dl影蓝色,56,100,135
89,P/Dl灰茄紫色,120,94,133
90,RP/Dl玫瑰色,144,88,106
91,R/Dp砖红色,150,40,35
92,YR/Dp茶色,168,92,29
93,Y/Dp茶褐色,150,129,32
94,GY/Dp苔藓绿色,87,139,51
95,G/Dp浓绿色,0,118,75
96,BG/Dp深翠绿色,0,109,97
97,B/Dp钴蓝色,0,93,115
98,PB/Dp普蓝色,0,66,139
99,P/Dp深紫色,96,43,122
100,RP/Dp酒红色,125,29,61
101,R/Dk绛红色,133,40,32
102,YR/Dk烟棕色,135,80,35
103,Y/Dk橄榄色,118,87,27
104,GY/Dk常青绿色,69,105,45
105,G/Dk深绿色,0,92,51
106,BG/Dk深蓝绿色,0,82,74
107,B/Dk深孔雀蓝色,0,77,92
108,PB/Dk深藏蓝色,0,57,109
109,P/Dk茄紫色,77,42,94
110,RP/Dk深酒红色,99,21,47
111,R/Dgr栗色,72,16,12
112,YR/Dgr深茶色,73,46,21
113,Y/Dgr深褐色,81,53,26
114,GY/Dgr海草绿色,54,68,36
115,G/Dgr森林绿色,0,52,30
116,BG/Dgr黑绿色,0,51,47
117,B/Dgr普鲁士蓝色,0,51,62
118,PB/Dgr黑蓝色,8,41,77
119,P/Dgr黑紫色,61,41,71
120,RP/Dgr深棕色,65,9,28
121,N9.5白色,255,255,255
122,N9明灰色,220,221,221
123,N8银灰色,201,202,202
124,N7深银色,181,181,182
125,N6灰色,159,160,160
126,N5中灰色,137,137,137
127,N4烟灰色,114,113,113
128,N3深灰色,89,87,87
129,N2暗灰色,62,58,57
130,N1.5黑色,35,24,21